HGT 250 00   -0.00527      0.152  -0.000164      0.112    -0.0185      0.235
HGT 250 24     0.0523      0.609      0.262       0.39     -0.177      0.464
HGT 250 48      0.231       1.02      0.431      0.633      -0.11      0.769
HGT 250 72      0.438       1.38      0.585      0.809      0.044       1.28
HGT 250 96      0.497       1.56      0.855       1.02    -0.0956       1.74
HGT 250 120      0.355       2.17       1.23       1.55     -0.566       2.27
HGT 500 00    -0.0161      0.219   -0.00701      0.151     -0.039      0.347
HGT 500 24     0.0307      0.428     0.0783      0.437      0.043      0.425
HGT 500 48     -0.144      0.811     -0.114      0.523     -0.143      0.735
HGT 500 72     -0.131       1.15     -0.108      0.681     -0.058      0.964
HGT 500 96     -0.222       1.05     -0.119      0.751     -0.435       1.34
HGT 500 120     -0.253       1.31    -0.0849      0.962     -0.642       1.77
HGT 700 00    -0.0209      0.334   -0.00462      0.187    -0.0583      0.545
HGT 700 24     0.0927      0.485       0.17      0.494     0.0911      0.516
HGT 700 48     -0.594      0.974     -0.508      0.684     -0.544      0.878
HGT 700 72      -1.01       1.51     -0.916      0.999     -0.882       1.36
HGT 700 96       -1.2       1.48      -1.12       1.23      -1.48       1.73
HGT 700 120      -1.38       1.72      -1.29       1.43      -1.84       2.08
HGT 850 00    -0.0242      0.413   -0.00742      0.212     -0.063      0.681
HGT 850 24      0.528      0.759      0.728      0.756      0.409      0.751
HGT 850 48    -0.0861       1.38      0.206       1.03     -0.356       1.14
HGT 850 72     -0.803       1.96     -0.412       1.24      -1.07       1.64
HGT 850 96      -1.06       2.09     -0.737       1.52      -1.65       2.23
HGT 850 120      -1.37       2.31      -1.05       1.87      -2.16        2.5
HGT 1000 00    -0.0167      0.504     0.0393       0.29    -0.0799      0.813
HGT 1000 24      0.455       1.04      0.483       1.16      0.452      0.897
HGT 1000 48      0.394        1.9      0.266        1.6      0.339       1.76
HGT 1000 72      0.114       2.64    -0.0717       1.79      0.153       2.51
HGT 1000 96     0.0549       2.96     -0.278       2.22      -0.12       3.34
HGT 1000 120     -0.215       3.28     -0.532       2.48     -0.467       3.85
RH 250 00     0.0236      0.218    0.00488      0.148     0.0392      0.237
RH 250 24     -0.151      0.933      -0.25      0.836     -0.134      0.876
RH 250 48     0.0372       1.23   -0.00117      0.945     0.0926       1.35
RH 250 72      0.261       1.68        0.3       1.19       0.53       1.81
RH 250 96      0.449       1.93      0.471       1.44      0.818        2.2
RH 250 120       0.46       2.28      0.248       1.65      0.933       2.51
RH 500 00    0.00508       0.26     0.0153      0.232   -0.00249      0.369
RH 500 24     -0.212       1.02     -0.298      0.804     -0.149      0.863
RH 500 48     -0.241       1.37     -0.555       1.12     -0.121        1.2
RH 500 72     -0.193       1.57     -0.555       1.34     0.0144       1.38
RH 500 96    -0.0562       1.66     -0.397       1.38      0.139       1.45
RH 500 120   -0.00871       1.87     -0.328       1.53      0.321       1.71
RH 700 00    -0.0282       0.21  -0.000809      0.143    -0.0536      0.283
RH 700 24    -0.0705      0.758     -0.102      0.589     -0.102      0.612
RH 700 48     -0.153       1.24     -0.168      0.909     -0.239       1.01
RH 700 72     -0.142       1.48     -0.205       1.18     -0.248       1.32
RH 700 96    -0.0405        1.6     -0.148       1.33     -0.236       1.47
RH 700 120     0.0189       1.82     -0.172        1.4    -0.0795       1.65
RH 850 00    -0.0345      0.191   -0.00849      0.121    -0.0639      0.256
RH 850 24     -0.103      0.864    -0.0303      0.726      -0.17      0.732
RH 850 48     -0.248       1.32     0.0192       1.11     -0.514       1.29
RH 850 72     -0.241       1.62     0.0488       1.39     -0.571       1.58
RH 850 96     -0.127       1.85      0.176        1.6     -0.438       1.53
RH 850 120    -0.0482       2.01      0.283        1.7     -0.381       1.52
RH 1000 00    -0.0178     0.0989   -0.00818     0.0732     -0.029      0.124
RH 1000 24       0.74      0.917      0.697      0.804      0.767      0.634
RH 1000 48      0.974       1.19      0.971       1.07       1.07      0.889
RH 1000 72       1.11        1.3       1.11       1.24       1.24       1.02
RH 1000 96        1.1        1.4       1.13       1.31       1.29       1.05
RH 1000 120       1.12       1.38       1.19       1.35       1.31       1.05
SPFH 2 00  -1.16e-05   6.14e-05   -7.2e-06   2.91e-05  -3.76e-06   1.91e-05
SPFH 2 24  -1.84e-05   6.59e-05   -1.7e-05   4.39e-05  -1.01e-05   4.04e-05
SPFH 2 48  -1.52e-05   7.15e-05  -1.37e-05   5.02e-05  -6.31e-06   4.48e-05
SPFH 2 72  -1.16e-05   7.29e-05  -1.18e-05   5.22e-05   2.26e-06   3.62e-05
SPFH 2 96  -1.43e-05   8.55e-05  -1.78e-05   8.26e-05   4.03e-06   3.64e-05
SPFH 2 120  -1.85e-05   8.94e-05  -2.18e-05   9.35e-05   -2.6e-06   4.95e-05
TMP 250 00   -0.00028     0.0111   9.02e-06    0.00824   -0.00112     0.0171
TMP 250 24    0.00464     0.0726     0.0238     0.0431   -0.00883     0.0633
TMP 250 48     0.0123      0.102     0.0403     0.0918   -0.00182      0.111
TMP 250 72     0.0139      0.125     0.0308      0.114     0.0169      0.135
TMP 250 96    0.00963      0.135     0.0198      0.133     0.0241      0.141
TMP 250 120   -0.00103       0.15    0.00924      0.152     0.0135      0.152
TMP 500 00   -0.00148     0.0185  -3.68e-05    0.00979   -0.00312     0.0295
TMP 500 24    -0.0231     0.0481    -0.0122     0.0275    -0.0311     0.0388
TMP 500 48    -0.0186     0.0537    -0.0123     0.0364    -0.0263     0.0486
TMP 500 72    -0.0201     0.0708    -0.0184     0.0517    -0.0249     0.0612
TMP 500 96    -0.0232     0.0836    -0.0185     0.0636    -0.0383     0.0819
TMP 500 120    -0.0305     0.0947    -0.0101     0.0648    -0.0592     0.0839
TMP 700 00   -0.00182     0.0211  -0.000662     0.0112    -0.0036     0.0338
TMP 700 24     0.0168      0.082    0.00763     0.0588    0.00847     0.0734
TMP 700 48   -0.00192      0.144    -0.0169      0.104    -0.0239      0.127
TMP 700 72    -0.0217      0.175    -0.0412      0.141    -0.0585       0.15
TMP 700 96    -0.0259      0.187    -0.0448      0.144    -0.0822      0.155
TMP 700 120    -0.0251        0.2    -0.0427      0.147    -0.0894      0.155
TMP 850 00    -0.0029     0.0195  -0.000493     0.0108   -0.00542     0.0289
TMP 850 24     0.0102      0.103     0.0292      0.101    -0.0226     0.0714
TMP 850 48     0.0161      0.164     0.0452      0.165    -0.0594      0.117
TMP 850 72     0.0287      0.201     0.0601      0.216     -0.062      0.131
TMP 850 96     0.0451       0.23     0.0665       0.26     -0.048      0.144
TMP 850 120     0.0639      0.251     0.0879      0.282    -0.0427      0.157
TMP 1000 00   -0.00282     0.0252   -0.00251     0.0158   -0.00323      0.037
TMP 1000 24     0.0827      0.147     0.0776      0.116     0.0649      0.127
TMP 1000 48      0.147       0.23      0.163      0.213      0.132      0.197
TMP 1000 72      0.212      0.286      0.243       0.29      0.201      0.254
TMP 1000 96      0.253      0.329      0.299      0.343      0.242      0.295
TMP 1000 120      0.281      0.364      0.334      0.379      0.261      0.335
WIND 250 00   -0.00773     0.0725    -0.0029     0.0628     -0.015      0.101
WIND 250 24    -0.0582      0.196    -0.0522      0.123    -0.0669      0.169
WIND 250 48    -0.0604      0.303    -0.0112      0.169     -0.116      0.232
WIND 250 72    -0.0288      0.344    -0.0313       0.23    -0.0888      0.387
WIND 250 96    -0.0357      0.409    -0.0229      0.283     -0.123      0.371
WIND 250 120     -0.032      0.503     0.0178      0.303     -0.128      0.433
WIND 500 00   -0.00839     0.0771   -0.00366     0.0652    -0.0159      0.112
WIND 500 24    -0.0757      0.155    -0.0837      0.131     -0.107      0.145
WIND 500 48     -0.105      0.224     -0.113      0.167     -0.129      0.176
WIND 500 72    -0.0729      0.242     -0.104      0.176     -0.105      0.214
WIND 500 96    -0.0506      0.249    -0.0688       0.18      -0.11      0.242
WIND 500 120    -0.0172      0.298    -0.0236      0.199    -0.0889      0.292
WIND 700 00   -0.00855     0.0791   -0.00428     0.0633    -0.0144      0.114
WIND 700 24   -0.00973      0.122    -0.0123     0.0941    -0.0134      0.119
WIND 700 48    -0.0158      0.204   -0.00998      0.147    -0.0249      0.169
WIND 700 72    -0.0226      0.237    -0.0124      0.178    -0.0436      0.218
WIND 700 96     -0.019      0.259    -0.0119      0.202    -0.0519      0.248
WIND 700 120     -0.015      0.285  -0.000612      0.212    -0.0613      0.277
WIND 850 00   -0.00958     0.0781   -0.00644     0.0634    -0.0173      0.116
WIND 850 24    0.00613      0.145   -0.00264      0.116   -0.00801      0.139
WIND 850 48      -0.02      0.283   -0.00373      0.208     -0.039      0.204
WIND 850 72    -0.0535      0.321   -0.00439      0.236    -0.0802      0.256
WIND 1000 00    -0.0073      0.059   -0.00423      0.045    -0.0117     0.0837
