HGT 250 00  -0.000618      0.061  -0.000238     0.0419    0.00324     0.0914
HGT 250 24     -0.126      0.825     -0.392      0.751      0.184      0.656
HGT 250 48      -1.08       1.44       -1.6       1.15     -0.723       1.09
HGT 250 72      -1.87        2.1      -2.58       1.49      -1.43       1.74
HGT 250 96      -2.55       2.41      -3.35        1.9      -1.89       2.56
HGT 250 120      -3.32       3.03      -3.99       2.33      -3.21       2.41
HGT 500 00     0.0051     0.0577    0.00225     0.0359     0.0114     0.0909
HGT 500 24     -0.337      0.659     -0.368      0.637     -0.687      0.551
HGT 500 48     -0.301      0.823     -0.197      0.794     -0.608      0.643
HGT 500 72     -0.043       1.08    -0.0184      0.917     -0.405       0.97
HGT 500 96      0.246       1.08      0.261      0.945     0.0912       1.09
HGT 500 120      0.373       1.55      0.507      0.937      0.102        1.5
HGT 700 00    0.00318     0.0658   0.000152     0.0355     0.0102      0.106
HGT 700 24      0.569       0.58       0.72      0.574       0.52      0.545
HGT 700 48        1.3       1.16       1.58       1.04       1.34       0.97
HGT 700 72       1.86       1.35       2.13       1.25       1.93       1.33
HGT 700 96       2.34       1.46       2.66       1.43       2.66       1.43
HGT 700 120       2.66       1.85       3.06       1.49        3.1        1.9
HGT 850 00    0.00302     0.0689  -0.000606     0.0393    0.00999       0.11
HGT 850 24       1.29      0.921       1.52      0.859       1.25       0.91
HGT 850 48       2.59        1.6       2.94       1.42       2.57       1.54
HGT 850 72       3.43       1.87       3.87       1.66       3.45       1.84
HGT 850 96       4.01       2.06       4.52        1.9        4.3       2.16
HGT 850 120       4.44        2.4       4.93       2.04       4.98       2.44
HGT 1000 00    -0.0516      0.192    -0.0788      0.259    -0.0481      0.178
HGT 1000 24       1.17       1.11       1.46       0.94       1.05      0.851
HGT 1000 48       2.72       1.79       3.11        1.5       2.63       1.36
HGT 1000 72       3.84       2.16       4.34       1.91       3.84       1.68
HGT 1000 96       4.69       2.47       5.28       2.43       5.02       2.13
HGT 1000 120       5.41        2.9       5.98       2.75       5.99       2.47
RH 250 00    -0.0218      0.239  -0.000237      0.149    -0.0399      0.258
RH 250 24     -0.086       1.06     0.0244      0.917     -0.119       1.13
RH 250 48     -0.421       1.54     -0.378       1.15     -0.444       1.77
RH 250 72     -0.721       2.15     -0.933       1.74     -0.854       2.28
RH 250 96      -1.02       2.73      -1.38       2.52      -1.15       2.61
RH 250 120      -1.22       3.29      -1.66       3.19      -1.41       2.94
RH 500 00    -0.0191      0.134    -0.0315      0.134    -0.0163      0.153
RH 500 24     -0.493       1.08     -0.449      0.823     -0.448       1.09
RH 500 48     -0.424        1.6     -0.667       1.42    -0.0409       1.63
RH 500 72     -0.371       1.88     -0.734       1.54      0.169       1.89
RH 500 96     -0.311        2.1     -0.649       1.61      0.302       2.16
RH 500 120     -0.373       2.42     -0.684       1.77      0.112       2.57
RH 700 00   -0.00688     0.0957    -0.0118     0.0727   -0.00868      0.117
RH 700 24      0.501      0.751      0.438      0.568      0.667      0.706
RH 700 48      0.858       1.29      0.678      0.992       1.16        1.2
RH 700 72      0.989       1.72      0.869       1.31       1.47       1.68
RH 700 96       1.07       2.06       0.96       1.72       1.59       2.08
RH 700 120          1       2.63      0.988        2.1       1.63       2.53
RH 850 00   -0.00424     0.0861   -0.00706     0.0597   -0.00513      0.104
RH 850 24      0.004       1.06      0.152      0.904     -0.398      0.875
RH 850 48     -0.318       1.87    -0.0851       1.43      -1.35        1.7
RH 850 72     -0.628       2.24     -0.276       1.74      -1.85       2.05
RH 850 96     -0.906       2.45     -0.448       2.03      -2.05       2.05
RH 850 120      -0.89       2.69     -0.557       2.38      -1.96       2.16
RH 1000 00   -0.00479     0.0629  -0.000639     0.0475   -0.00188     0.0674
RH 1000 24      0.769      0.989      0.728      0.887      0.922       0.69
RH 1000 48       1.12       1.31       1.18       1.18       1.39      0.998
RH 1000 72       1.31       1.47       1.44       1.42       1.59       1.14
RH 1000 96        1.4       1.61       1.58        1.6       1.69       1.21
RH 1000 120       1.45       1.61       1.72       1.65       1.72       1.22
SPFH 2 00  -1.03e-05   5.13e-05  -7.14e-06   2.24e-05  -2.78e-06   1.64e-05
SPFH 2 24   -1.4e-05   5.78e-05  -1.76e-05   4.21e-05  -5.91e-06   2.74e-05
SPFH 2 48  -1.41e-05   6.45e-05   -1.8e-05   4.51e-05  -5.72e-06   4.04e-05
SPFH 2 72  -1.62e-05   6.82e-05  -1.69e-05   4.35e-05  -7.86e-06   4.46e-05
SPFH 2 96  -2.03e-05   8.23e-05  -1.91e-05   7.19e-05  -1.59e-05   4.97e-05
SPFH 2 120  -2.17e-05   8.49e-05  -2.22e-05   7.94e-05  -1.06e-05   5.55e-05
TMP 250 00  -9.45e-05    0.00404   -0.00039    0.00317   5.82e-06    0.00553
TMP 250 24    -0.0329      0.103    -0.0473     0.0887   -0.00914      0.106
TMP 250 48    -0.0949      0.155     -0.137      0.146    -0.0682      0.155
TMP 250 72     -0.157      0.195     -0.207      0.189     -0.121      0.198
TMP 250 96     -0.211      0.212      -0.27      0.206     -0.177      0.216
TMP 250 120     -0.264      0.219     -0.321      0.227     -0.244      0.219
TMP 500 00  -0.000192    0.00455  -2.87e-05    0.00313  -0.000441    0.00648
TMP 500 24      0.027     0.0552    0.00012     0.0401     0.0393     0.0448
TMP 500 48   2.48e-05     0.0725    -0.0203     0.0741     0.0141     0.0574
TMP 500 72    -0.0185     0.0919    -0.0426      0.101    -0.0116     0.0669
TMP 500 96    -0.0477      0.105    -0.0752      0.112     -0.048     0.0837
TMP 500 120    -0.0739      0.131     -0.103      0.126    -0.0943     0.0946
TMP 700 00  -6.92e-05    0.00553   7.73e-05    0.00423  -6.03e-05    0.00752
TMP 700 24     -0.142      0.105     -0.153     0.0856     -0.167     0.0931
TMP 700 48     -0.252      0.152     -0.256      0.118     -0.285      0.146
TMP 700 72     -0.302      0.182     -0.319      0.139     -0.348      0.177
TMP 700 96     -0.322      0.191     -0.344      0.139      -0.37      0.192
TMP 700 120     -0.336      0.206     -0.347      0.141      -0.41      0.175
TMP 850 00   6.69e-05     0.0072    0.00022    0.00532  -4.94e-06    0.00824
TMP 850 24    -0.0554      0.117    -0.0732      0.118    -0.0275     0.0883
TMP 850 48     -0.101      0.181     -0.123      0.177    -0.0226      0.146
TMP 850 72     -0.125      0.217     -0.152      0.229    -0.0376      0.165
TMP 850 96     -0.137      0.239     -0.175      0.271    -0.0594      0.175
TMP 850 120     -0.181      0.266     -0.201      0.306     -0.113      0.177
TMP 1000 00   0.000332     0.0106   -0.00067    0.00945  -0.000285     0.0101
TMP 1000 24     -0.122      0.166     -0.124      0.117     -0.136      0.145
TMP 1000 48      -0.21      0.262     -0.224      0.198     -0.245      0.259
TMP 1000 72      -0.29      0.318      -0.32      0.268     -0.338      0.322
TMP 1000 96     -0.354      0.366     -0.399      0.323     -0.414      0.368
TMP 1000 120      -0.41      0.406     -0.465      0.369     -0.475      0.413
WIND 250 00   -0.00216     0.0206   -0.00106     0.0179   -0.00378     0.0281
WIND 250 24   -0.00755      0.178   -0.00597      0.127    -0.0125      0.145
WIND 250 48    -0.0322      0.292    -0.0499      0.187    -0.0763      0.269
WIND 250 72    -0.0925      0.376    -0.0813      0.237     -0.109      0.366
WIND 250 96     -0.101      0.488     -0.108      0.352    -0.0849      0.441
WIND 250 120     -0.108      0.596    -0.0963      0.416     -0.127      0.554
WIND 500 00   -0.00162      0.017   -0.00118      0.015   -0.00294     0.0227
WIND 500 24    0.00806      0.164    -0.0119      0.149     0.0185      0.154
WIND 500 48    -0.0261      0.255    -0.0314      0.221    -0.0394      0.214
WIND 500 72    -0.0331      0.267    -0.0134      0.228    -0.0423      0.233
WIND 500 96    -0.0465      0.268    0.00527      0.211    -0.0916      0.224
WIND 500 120    -0.0381      0.319     0.0239       0.24     -0.107      0.283
WIND 700 00   -0.00151      0.018  -0.000812     0.0149   -0.00282     0.0229
WIND 700 24     0.0123      0.109     0.0268     0.0774    0.00544     0.0873
WIND 700 48    0.00323      0.198     0.0586      0.147     0.0147      0.137
WIND 700 72   -0.00652      0.252     0.0919      0.205     0.0201      0.198
WIND 700 96    -0.0354      0.318     0.0951      0.263    -0.0164      0.243
WIND 700 120    -0.0588      0.367     0.0891      0.328    -0.0343      0.274
WIND 850 00   -0.00213     0.0181   -0.00117     0.0156   -0.00384     0.0239
WIND 850 24    -0.0593      0.134     -0.063      0.099    -0.0404      0.113
WIND 850 48      -0.14      0.312     -0.118      0.239    -0.0802      0.221
WIND 850 72     -0.184      0.394     -0.112      0.293     -0.112       0.31
WIND 1000 00   -0.00272     0.0162   -0.00142     0.0127   -0.00506     0.0199
