HGT 250 HDGF RMSE 00       3.64      0.943       3.71       1.14        3.9      0.929
HGT 250 HDGF RMSE 24       9.95       2.64       9.39       2.67       10.9       3.02
HGT 250 HDGF RMSE 48       14.1       6.45       13.5        6.4       15.9       7.39
HGT 250 HDGF RMSE 72       19.8       12.8       19.6       11.6       22.4       13.6
HGT 250 HDGF RMSE 96       26.1       19.2       27.1       17.5       29.3       20.6
HGT 250 HDGF RMSE 120       33.6       26.9         35       24.3       37.9       29.9
HGT 500 HDGF RMSE 00       2.72          1        2.7       1.12       3.06        1.1
HGT 500 HDGF RMSE 24       6.65       2.38       6.86       2.87       7.54       2.17
HGT 500 HDGF RMSE 48       9.77        4.8       9.94       5.26       11.2       4.87
HGT 500 HDGF RMSE 72       13.7       8.51       13.7       8.09       15.3       8.75
HGT 500 HDGF RMSE 96       17.8       12.4       18.5       12.1         20       13.4
HGT 500 HDGF RMSE 120         23       17.9       23.7       16.8       26.3       20.1
HGT 700 HDGF RMSE 00       1.79       1.24       1.75       1.26       2.15        1.4
HGT 700 HDGF RMSE 24       6.04       2.21       6.32       2.38       7.34       1.76
HGT 700 HDGF RMSE 48       8.55       3.89       8.48       3.94       10.4       3.75
HGT 700 HDGF RMSE 72       11.9       6.12       11.4        5.8       13.9       6.51
HGT 700 HDGF RMSE 96       15.3        8.8         15       8.64       17.9       9.65
HGT 700 HDGF RMSE 120       19.5       12.9       18.9       11.8       23.5       14.9
HGT 850 HDGF RMSE 00       1.34       3.07       1.28       1.68       1.53       1.69
HGT 850 HDGF RMSE 24       6.96       2.74       7.41       2.59       7.99       1.66
HGT 850 HDGF RMSE 48       8.96        4.2       9.14       3.85       10.7       3.82
HGT 850 HDGF RMSE 72       11.5       6.42       11.5       5.78       13.8       6.73
HGT 850 HDGF RMSE 96       14.5       9.12       14.7       8.54       17.6       9.98
HGT 850 HDGF RMSE 120       18.3       12.8         18       11.3       22.7       14.8
HGT 1000 HDGF RMSE 00       3.49       9.06       4.74       10.3       2.24       4.33
HGT 1000 HDGF RMSE 24       9.42       6.62       10.1        6.7       9.93       3.87
HGT 1000 HDGF RMSE 48       11.9       7.52       12.2       7.22       13.2       5.57
HGT 1000 HDGF RMSE 72       14.7       9.25       14.7       8.57       16.9       8.09
HGT 1000 HDGF RMSE 96       17.9       11.6       17.9         11         21       11.3
HGT 1000 HDGF RMSE 120       21.7       14.9       21.1       13.6       26.2       15.9
RH 250 HDGF RMSE 00       19.4       5.66       19.5       5.16       21.8       3.34
RH 250 HDGF RMSE 24       22.6       6.63         23       6.07       25.5       4.16
RH 250 HDGF RMSE 48       24.7       6.53       25.2       5.87       27.6       4.21
RH 250 HDGF RMSE 72       26.1       6.75       26.6       5.71       29.5       4.77
RH 250 HDGF RMSE 96       27.5       6.93       27.9       5.52       31.1       5.32
RH 250 HDGF RMSE 120       28.6       7.37       28.8       5.83       32.5       5.59
RH 500 HDGF RMSE 00        3.4       2.82        3.8       3.15       4.08       2.77
RH 500 HDGF RMSE 24         13       5.47       13.1       5.33       15.3       3.12
RH 500 HDGF RMSE 48       16.7       6.64       16.6       6.33       19.6       3.87
RH 500 HDGF RMSE 72       19.2       7.61       19.4       7.12       22.6        4.5
RH 500 HDGF RMSE 96       21.5       8.48       21.6       7.83       25.3       5.38
RH 500 HDGF RMSE 120       23.1       9.29       23.1       8.46       27.6       6.12
RH 700 HDGF RMSE 00       2.02       1.24       2.05       1.26       2.53       1.17
RH 700 HDGF RMSE 24       11.8       4.06       12.2       3.48       13.1       3.36
RH 700 HDGF RMSE 48       15.5       5.09       16.1        4.4       17.2       4.33
RH 700 HDGF RMSE 72       18.3       5.98       18.8       4.95       20.3       5.17
RH 700 HDGF RMSE 96       20.5       6.76         21       5.58       22.9        6.1
RH 700 HDGF RMSE 120       22.4       7.71         23       6.41       25.1       7.08
RH 850 HDGF RMSE 00       1.97       1.08       1.93      0.974       2.13      0.979
RH 850 HDGF RMSE 24       13.9       5.05       15.5       5.57       12.8       3.09
RH 850 HDGF RMSE 48       17.8       6.05       19.7       6.47       16.2       3.92
RH 850 HDGF RMSE 72         20       6.44       21.8       6.75       18.2        4.6
RH 850 HDGF RMSE 96       21.5       6.68       23.5       6.78       19.8       5.37
RH 850 HDGF RMSE 120       22.7       6.94       24.9       6.87       21.3       6.24
RH 1000 HDGF RMSE 00       1.54       1.26       1.62       1.28       1.79       1.24
RH 1000 HDGF RMSE 24       11.3       8.06       11.9       8.55       11.2       7.18
RH 1000 HDGF RMSE 48       12.6       8.86       13.5       9.76       12.6       7.77
RH 1000 HDGF RMSE 72       13.2       9.27       14.2       10.3         13       7.91
RH 1000 HDGF RMSE 96       13.5       9.59       14.6       10.7       13.4       8.02
RH 1000 HDGF RMSE 120       13.8        9.6       14.8       10.8       13.7       8.06
TMP 250 HDGF RMSE 00      0.112     0.0515      0.122     0.0585      0.125     0.0541
TMP 250 HDGF RMSE 24      0.711      0.236      0.752      0.205      0.753      0.225
TMP 250 HDGF RMSE 48      0.929      0.335      0.979      0.298      0.973      0.359
TMP 250 HDGF RMSE 72       1.09      0.481       1.15      0.412       1.17      0.528
TMP 250 HDGF RMSE 96       1.25      0.629        1.3      0.553       1.35      0.685
TMP 250 HDGF RMSE 120        1.4      0.732       1.45      0.632       1.52      0.829
TMP 500 HDGF RMSE 00     0.0857     0.0464     0.0886     0.0465     0.0998     0.0531
TMP 500 HDGF RMSE 24      0.574      0.147      0.582      0.138      0.595      0.152
TMP 500 HDGF RMSE 48      0.785      0.253      0.792      0.217      0.822      0.263
TMP 500 HDGF RMSE 72       1.01      0.416      0.997      0.345       1.04      0.414
TMP 500 HDGF RMSE 96       1.22      0.575       1.21       0.53       1.26      0.603
TMP 500 HDGF RMSE 120       1.44      0.735       1.43      0.687       1.49      0.814
TMP 700 HDGF RMSE 00      0.107     0.0752      0.104     0.0625      0.121     0.0692
TMP 700 HDGF RMSE 24      0.665      0.302      0.714      0.384       0.66      0.198
TMP 700 HDGF RMSE 48      0.892      0.424      0.961      0.563      0.865      0.306
TMP 700 HDGF RMSE 72       1.09      0.526       1.14      0.648       1.04      0.428
TMP 700 HDGF RMSE 96       1.28      0.659       1.35      0.757       1.22      0.619
TMP 700 HDGF RMSE 120       1.48      0.813       1.57      0.913       1.42      0.821
TMP 850 HDGF RMSE 00       0.15      0.141      0.177      0.179      0.144     0.0988
TMP 850 HDGF RMSE 24       1.17      0.666       1.34        0.8      0.966      0.481
TMP 850 HDGF RMSE 48       1.54      0.891       1.72       1.04       1.29      0.672
TMP 850 HDGF RMSE 72       1.79       1.03       1.95       1.19        1.5      0.773
TMP 850 HDGF RMSE 96       2.01       1.14       2.15        1.3       1.72      0.905
TMP 850 HDGF RMSE 120       2.22       1.24       2.36       1.41       1.96       1.06
TMP 1000 HDGF RMSE 00      0.265      0.321      0.279      0.347      0.292      0.288
TMP 1000 HDGF RMSE 24       1.29       1.11       1.31       1.07       1.26      0.945
TMP 1000 HDGF RMSE 48        1.6        1.3       1.66        1.3       1.59       1.16
TMP 1000 HDGF RMSE 72       1.81       1.46       1.89       1.49       1.83       1.31
TMP 1000 HDGF RMSE 96       1.98       1.58       2.07       1.63       2.02       1.44
TMP 1000 HDGF RMSE 120       2.11       1.66       2.22       1.75       2.18       1.54
VGRD 250 HDGF RMSE 00       2.64       3.35        3.9       3.15       1.87       1.87
VGRD 250 HDGF RMSE 24       4.52       2.66       5.31       2.56       4.06        1.5
VGRD 250 HDGF RMSE 48       5.47       2.55       6.03       2.47       5.18       1.67
VGRD 250 HDGF RMSE 72       6.46       2.77       6.87       2.73       6.34       2.14
VGRD 250 HDGF RMSE 96        7.5       3.27       7.75       3.15       7.59       2.83
VGRD 250 HDGF RMSE 120       8.54       3.91       8.57       3.59       8.85        3.6
VGRD 500 HDGF RMSE 00       1.47       1.78        2.3       1.87       1.24       1.09
VGRD 500 HDGF RMSE 24       2.57       1.55       3.12       1.67       2.42       1.05
VGRD 500 HDGF RMSE 48       3.16       1.55       3.54       1.61       3.02       1.19
VGRD 500 HDGF RMSE 72       3.76       1.77       4.04       1.69       3.64       1.49
VGRD 500 HDGF RMSE 96       4.32       2.04       4.61       1.96        4.3        1.9
VGRD 500 HDGF RMSE 120        4.9       2.36       5.12       2.17       5.05       2.44
VGRD 700 HDGF RMSE 00       1.05       1.08       1.61       1.16      0.986      0.723
VGRD 700 HDGF RMSE 24       2.12      0.969       2.45       1.11       2.15      0.725
VGRD 700 HDGF RMSE 48       2.62      0.978       2.87       1.12       2.71      0.815
VGRD 700 HDGF RMSE 72       3.06       1.11       3.26        1.2       3.19       1.02
VGRD 700 HDGF RMSE 96       3.52       1.35        3.7       1.44       3.75       1.31
VGRD 700 HDGF RMSE 120          4       1.61       4.07       1.59       4.42       1.74
VGRD 850 HDGF RMSE 00      0.941      0.886       1.37      0.938      0.811      0.532
VGRD 850 HDGF RMSE 24       2.08      0.786       2.33      0.898       2.07      0.633
VGRD 850 HDGF RMSE 48       2.51      0.907       2.67       1.01       2.63       0.82
VGRD 850 HDGF RMSE 72        2.9       1.11       3.06       1.21       3.08       1.08
VGRD 850 HDGF RMSE 96       3.32       1.37       3.48       1.49       3.64       1.42
VGRD 850 HDGF RMSE 120       3.75       1.66       3.82       1.69       4.28       1.82
VGRD 1000 HDGF RMSE 00      0.788      0.763        1.1      0.739      0.587      0.319
VGRD 1000 HDGF RMSE 24       1.75      0.688       1.88      0.726       1.69      0.515
VGRD 1000 HDGF RMSE 48       2.16      0.834       2.24      0.848       2.22       0.74
VGRD 1000 HDGF RMSE 72       2.51       1.03       2.58       1.04       2.64          1
VGRD 1000 HDGF RMSE 96       2.85       1.28       2.89       1.25       3.12       1.31
VGRD 1000 HDGF RMSE 120        3.2       1.54       3.16       1.41        3.6       1.67
UGRD 250 HDGF RMSE 00       1.93       2.24       2.91        2.5        1.5       1.39
UGRD 250 HDGF RMSE 24       3.87       1.64       4.44       1.86       3.74       1.11
UGRD 250 HDGF RMSE 48       4.91       1.62       5.27       1.76        4.9       1.34
UGRD 250 HDGF RMSE 72       5.88       1.92       6.15       2.03       6.05       1.77
UGRD 250 HDGF RMSE 96       6.81       2.24       7.09       2.28       7.12       2.28
UGRD 250 HDGF RMSE 120       7.93       2.81       8.11       2.76       8.39       2.92
UGRD 500 HDGF RMSE 00       1.12       1.33       1.71       1.48       0.87      0.754
UGRD 500 HDGF RMSE 24       2.31       1.14       2.67       1.33       2.18      0.778
UGRD 500 HDGF RMSE 48       2.94       1.13       3.22       1.28       2.84      0.966
UGRD 500 HDGF RMSE 72       3.57       1.32       3.82       1.37       3.49       1.28
UGRD 500 HDGF RMSE 96       4.11       1.49       4.35       1.55       4.14        1.6
UGRD 500 HDGF RMSE 120       4.76       1.83       4.92       1.86       4.91       2.09
UGRD 700 HDGF RMSE 00      0.859      0.927       1.25       1.03      0.733      0.529
UGRD 700 HDGF RMSE 24       2.01       0.86       2.19      0.995       1.98       0.58
UGRD 700 HDGF RMSE 48       2.58      0.891       2.72      0.989       2.57       0.71
UGRD 700 HDGF RMSE 72       3.07       1.01        3.2       1.02       3.13      0.891
UGRD 700 HDGF RMSE 96       3.56       1.12       3.62       1.09       3.72       1.14
UGRD 700 HDGF RMSE 120       4.11       1.36       4.07       1.29       4.42       1.48
UGRD 850 HDGF RMSE 00       0.84      0.835       1.22      0.874      0.721      0.509
UGRD 850 HDGF RMSE 24          2      0.782       2.14      0.917       2.02      0.585
UGRD 850 HDGF RMSE 48       2.52      0.882       2.61      0.992       2.64      0.753
UGRD 850 HDGF RMSE 72       2.93       1.03       2.99       1.09       3.15      0.937
UGRD 850 HDGF RMSE 96       3.35       1.21       3.37        1.2       3.72       1.22
UGRD 850 HDGF RMSE 120       3.82       1.45       3.74       1.33       4.35        1.6
UGRD 1000 HDGF RMSE 00       0.76        0.7       1.08      0.692      0.629      0.427
UGRD 1000 HDGF RMSE 24       1.67      0.659       1.76      0.704       1.67      0.476
UGRD 1000 HDGF RMSE 48       2.04      0.782       2.08      0.833       2.17       0.69
UGRD 1000 HDGF RMSE 72       2.37      0.962       2.38      0.966       2.59      0.913
UGRD 1000 HDGF RMSE 96       2.69       1.16       2.62       1.07       3.01        1.2
UGRD 1000 HDGF RMSE 120          3       1.39       2.87       1.17       3.45        1.5
HGT 250 HDGF ME 00      -3.32      0.865      -3.36      0.759      -3.42      0.913
HGT 250 HDGF ME 24      -4.98       3.16      -4.25        2.9      -4.88       3.09
HGT 250 HDGF ME 48      -4.06       4.11      -3.56       3.56      -3.78       3.99
HGT 250 HDGF ME 72      -3.49       5.94      -3.88       4.44      -3.18       5.01
HGT 250 HDGF ME 96       -3.3       7.38      -5.02       5.47      -2.53       5.84
HGT 250 HDGF ME 120      -4.05       8.63      -7.49       9.08      -3.12       6.28
HGT 500 HDGF ME 00      -2.39      0.941      -2.36      0.813      -2.55       1.01
HGT 500 HDGF ME 24      -2.29       2.46      -2.32       3.16      -1.94       2.36
HGT 500 HDGF ME 48      -3.05       3.64      -3.32       4.67      -2.53       2.89
HGT 500 HDGF ME 72      -3.65       4.73      -4.43       5.19      -2.68       3.36
HGT 500 HDGF ME 96       -4.1       5.81      -5.41       6.34      -2.72       4.43
HGT 500 HDGF ME 120      -5.03       6.74      -7.16       8.04      -3.49       5.12
HGT 700 HDGF ME 00      -1.34      0.997      -1.28      0.831      -1.45       1.07
HGT 700 HDGF ME 24      -0.15        2.3     -0.223       2.65   -0.00333       2.54
HGT 700 HDGF ME 48      -1.76       2.87      -1.64       3.32      -1.53       2.69
HGT 700 HDGF ME 72      -3.05       3.66      -2.96       3.58      -2.26       3.29
HGT 700 HDGF ME 96      -3.71       4.87      -3.81       4.64      -2.57        4.4
HGT 700 HDGF ME 120      -4.61       5.55      -5.14        5.7       -3.3       5.18
HGT 850 HDGF ME 00     -0.833       2.83     -0.724       1.14     -0.736       1.12
HGT 850 HDGF ME 24       2.08       3.02       2.57       2.53        1.7       2.88
HGT 850 HDGF ME 48       1.24       3.25       2.04       2.71      0.543       2.71
HGT 850 HDGF ME 72       0.44       3.75       1.18       2.84     0.0469       3.01
HGT 850 HDGF ME 96      0.101       4.64      0.631        3.7     -0.142       4.02
HGT 850 HDGF ME 120     -0.489       5.47     -0.426       5.09     -0.635       5.07
HGT 1000 HDGF ME 00      -2.01       8.01      -3.17       8.76     -0.666        3.9
HGT 1000 HDGF ME 24       3.01       6.84        2.2       6.53       3.92        5.2
HGT 1000 HDGF ME 48       3.25       7.14       2.73       5.85       3.99       5.97
HGT 1000 HDGF ME 72       3.22       7.95       2.58       5.82       4.23       6.73
HGT 1000 HDGF ME 96       3.38       8.79       2.46       6.48       4.45       7.57
HGT 1000 HDGF ME 120       3.13       9.45       1.66       7.25       4.29        8.7
RH 250 HDGF ME 00      -17.2       5.69        -17       5.32      -19.6       3.42
RH 250 HDGF ME 24      -14.8       6.81        -15       6.57      -17.2       4.89
RH 250 HDGF ME 48      -14.4       7.07      -14.9       6.74      -17.1       5.39
RH 250 HDGF ME 72      -14.1       7.69      -14.7       6.84      -17.1       6.65
RH 250 HDGF ME 96      -13.7       8.33      -14.1       6.82        -17       7.72
RH 250 HDGF ME 120      -13.5       9.08      -13.4       7.06      -17.1       8.28
RH 500 HDGF ME 00       -1.9       2.47      -2.09       2.87      -2.19       2.54
RH 500 HDGF ME 24   -0.00321       4.14     -0.355       3.68      0.224       4.06
RH 500 HDGF ME 48       0.38       5.34      0.131       4.28       1.04       4.79
RH 500 HDGF ME 72      0.758       5.91      0.831       4.79       1.47       5.24
RH 500 HDGF ME 96      0.731       6.34       1.11       4.98       1.28       6.03
RH 500 HDGF ME 120      0.344       6.61       1.25       4.38       1.17        6.8
RH 700 HDGF ME 00     -0.246      0.781     -0.299      0.809     -0.224      0.886
RH 700 HDGF ME 24     0.0494       3.78      0.452        3.5     -0.595        3.4
RH 700 HDGF ME 48     -0.164       5.03      0.831       4.75     -0.979       4.31
RH 700 HDGF ME 72     -0.281       5.82       1.03       5.36      -1.05       5.15
RH 700 HDGF ME 96    -0.0983       6.52       1.39       5.74      -1.14       5.81
RH 700 HDGF ME 120    -0.0694       7.13       1.87       6.08     -0.961       6.41
RH 850 HDGF ME 00     0.0173      0.689    -0.0273      0.588      0.132      0.617
RH 850 HDGF ME 24       1.24        7.1       2.79       8.97      0.809       3.99
RH 850 HDGF ME 48       1.46       9.27       3.46       11.4      0.913       5.07
RH 850 HDGF ME 72       1.43       10.3        3.7       12.4      0.747       5.64
RH 850 HDGF ME 96       1.53       10.8       3.89       12.8      0.766        5.7
RH 850 HDGF ME 120        1.7         11       4.14       13.1      0.868       5.74
RH 1000 HDGF ME 00      0.289      0.867      0.243       0.88      0.227      0.963
RH 1000 HDGF ME 24        8.4       7.62       8.82       8.08        8.3        6.1
RH 1000 HDGF ME 48       9.33       8.51       9.96       9.34       9.39       6.66
RH 1000 HDGF ME 72       9.62       8.87       10.3       9.87       9.57       6.82
RH 1000 HDGF ME 96       9.78        9.2       10.6       10.1       9.69       6.93
RH 1000 HDGF ME 120       9.71       9.22       10.7       10.1       9.67       6.97
TMP 250 HDGF ME 00     -0.019     0.0324    -0.0292     0.0389    -0.0178     0.0276
TMP 250 HDGF ME 24     -0.136      0.303    -0.0881      0.372     -0.222      0.224
TMP 250 HDGF ME 48     -0.116      0.372    -0.0519      0.455     -0.218      0.278
TMP 250 HDGF ME 72    -0.0924      0.397     -0.029      0.461     -0.218      0.298
TMP 250 HDGF ME 96    -0.0634      0.438    -0.0266        0.5     -0.214      0.303
TMP 250 HDGF ME 120    -0.0343      0.489    -0.0253      0.511     -0.218      0.336
TMP 500 HDGF ME 00    -0.0126     0.0176    -0.0165     0.0144    -0.0111      0.015
TMP 500 HDGF ME 24    -0.0622      0.153    -0.0419      0.124    -0.0325      0.144
TMP 500 HDGF ME 48     0.0721      0.226     0.0569      0.199     0.0978      0.212
TMP 500 HDGF ME 72      0.165      0.307     0.0748      0.241      0.155      0.247
TMP 500 HDGF ME 96      0.205      0.368      0.058      0.277      0.188      0.265
TMP 500 HDGF ME 120      0.217       0.41     0.0138      0.334      0.204      0.299
TMP 700 HDGF ME 00    -0.0118     0.0367    -0.0143     0.0281    -0.0112      0.026
TMP 700 HDGF ME 24     -0.202      0.299     -0.243      0.357     -0.119      0.213
TMP 700 HDGF ME 48     -0.231      0.438     -0.307      0.551     -0.108      0.281
TMP 700 HDGF ME 72     -0.237      0.534     -0.331       0.63    -0.0881      0.302
TMP 700 HDGF ME 96     -0.258      0.593     -0.369      0.687    -0.0882      0.287
TMP 700 HDGF ME 120     -0.288      0.639     -0.407      0.733     -0.114      0.329
TMP 850 HDGF ME 00   -0.00952     0.0674   -0.00448     0.0655    -0.0157     0.0478
TMP 850 HDGF ME 24     -0.391      0.724     -0.478      0.826     -0.314      0.526
TMP 850 HDGF ME 48     -0.582       1.02     -0.674       1.13     -0.462      0.745
TMP 850 HDGF ME 72     -0.715       1.17     -0.781       1.28     -0.545      0.825
TMP 850 HDGF ME 96     -0.813       1.26     -0.854       1.35     -0.596      0.861
TMP 850 HDGF ME 120     -0.887        1.3      -0.91       1.42     -0.652      0.887
TMP 1000 HDGF ME 00     0.0516      0.173     0.0598      0.172     0.0563      0.165
TMP 1000 HDGF ME 24      -0.62      0.881     -0.613      0.783     -0.472      0.605
TMP 1000 HDGF ME 48     -0.856       1.08     -0.841       1.04     -0.757      0.838
TMP 1000 HDGF ME 72      -1.01       1.24      -0.98        1.2     -0.927      0.985
TMP 1000 HDGF ME 96      -1.11       1.35      -1.07       1.32      -1.03        1.1
TMP 1000 HDGF ME 120      -1.15       1.41      -1.11        1.4      -1.09       1.16
VGRD 250 HDGF ME 00      0.221       2.87       1.87       2.24      0.669       1.09
VGRD 250 HDGF ME 24      0.684       2.81       2.25       2.17      0.826       1.22
VGRD 250 HDGF ME 48      0.619       2.79       2.29       2.01      0.556       1.35
VGRD 250 HDGF ME 72      0.481       2.83       2.16       2.15      0.438       1.25
VGRD 250 HDGF ME 96      0.368       2.99       2.06       2.44      0.425       1.42
VGRD 250 HDGF ME 120      0.286       3.27       1.97       2.68       0.39       1.75
VGRD 500 HDGF ME 00       0.34       1.42       1.17        1.3      0.482      0.639
VGRD 500 HDGF ME 24      0.322       1.48       1.15       1.34      0.415      0.813
VGRD 500 HDGF ME 48      0.335       1.51       1.04       1.33      0.517      0.879
VGRD 500 HDGF ME 72      0.436        1.6       1.13       1.33      0.534      0.935
VGRD 500 HDGF ME 96      0.479       1.74       1.31       1.48      0.584       0.94
VGRD 500 HDGF ME 120      0.456       1.78       1.34        1.5      0.577      0.989
VGRD 700 HDGF ME 00      0.297       0.79      0.714       0.85      0.339      0.437
VGRD 700 HDGF ME 24      0.142      0.978      0.578       1.02      0.206       0.76
VGRD 700 HDGF ME 48      0.323          1      0.688      0.965      0.302      0.877
VGRD 700 HDGF ME 72      0.341       1.06      0.735       1.02       0.24      0.891
VGRD 700 HDGF ME 96      0.295       1.17      0.729       1.16      0.278      0.866
VGRD 700 HDGF ME 120      0.238       1.18      0.666       1.15       0.25       0.96
VGRD 850 HDGF ME 00      0.283       0.62      0.477      0.779      0.188      0.278
VGRD 850 HDGF ME 24    -0.0169      0.908      0.105       1.04      0.146       0.64
VGRD 850 HDGF ME 48       0.14      0.919      0.213      0.991      0.247      0.661
VGRD 850 HDGF ME 72      0.198      0.944      0.312       1.06      0.189      0.637
VGRD 850 HDGF ME 96      0.176       1.03      0.314       1.19      0.265      0.633
VGRD 850 HDGF ME 120     0.0838       1.12      0.246       1.21      0.282      0.704
VGRD 1000 HDGF ME 00      0.208      0.577      0.276      0.649     0.0387      0.174
VGRD 1000 HDGF ME 24      0.109      0.729      0.175      0.789     0.0842      0.485
VGRD 1000 HDGF ME 48      0.187      0.844      0.243      0.873      0.155      0.632
VGRD 1000 HDGF ME 72      0.211      0.938      0.278          1      0.122      0.747
VGRD 1000 HDGF ME 96      0.205       1.01      0.296       1.08      0.159      0.813
VGRD 1000 HDGF ME 120      0.146        1.1      0.265       1.11      0.137      0.857
UGRD 250 HDGF ME 00     -0.359       0.94      -0.54       1.04     -0.128      0.319
UGRD 250 HDGF ME 24     -0.571       1.18     -0.658       1.32     -0.237      0.642
UGRD 250 HDGF ME 48     -0.493       1.45     -0.372       1.51     -0.126      0.856
UGRD 250 HDGF ME 72     -0.502       1.65     -0.471       1.71     -0.125       1.08
UGRD 250 HDGF ME 96     -0.575       1.82     -0.642        1.8     -0.168       1.29
UGRD 250 HDGF ME 120     -0.723       2.06     -0.641       1.67     -0.297       1.61
UGRD 500 HDGF ME 00     -0.171      0.712     -0.251      0.818      -0.04      0.192
UGRD 500 HDGF ME 24    -0.0974      0.845     -0.251      0.929   -0.00482      0.359
UGRD 500 HDGF ME 48     0.0185      0.969     -0.209          1     0.0174      0.521
UGRD 500 HDGF ME 72      0.138       1.24     -0.243       1.24     0.0839      0.664
UGRD 500 HDGF ME 96      0.191       1.32      -0.22       1.28     0.0594       0.82
UGRD 500 HDGF ME 120      0.242       1.44    -0.0871       1.27     0.0119      0.932
UGRD 700 HDGF ME 00    -0.0926      0.531      -0.14      0.618    -0.0113      0.148
UGRD 700 HDGF ME 24    -0.0455      0.722      -0.13      0.711     -0.025      0.418
UGRD 700 HDGF ME 48    -0.0812      0.878     -0.237      0.813     -0.124       0.54
UGRD 700 HDGF ME 72     -0.126       1.01     -0.273      0.971     -0.129      0.668
UGRD 700 HDGF ME 96    -0.0782       1.14     -0.188      0.991     -0.106      0.795
UGRD 700 HDGF ME 120    -0.0115       1.29    -0.0855      0.999     -0.093      0.868
UGRD 850 HDGF ME 00   -0.00478      0.472     0.0329      0.596   -0.00917      0.144
UGRD 850 HDGF ME 24      0.174      0.736      0.141      0.705   -0.00218      0.609
UGRD 850 HDGF ME 48      0.101      0.936     0.0434      0.793      -0.08      0.819
UGRD 850 HDGF ME 72     0.0478       1.03     0.0878      0.898     -0.161       0.86
UGRD 850 HDGF ME 96      0.085       1.09      0.194      0.944     -0.108      0.846
UGRD 850 HDGF ME 120      0.107       1.21      0.242       1.01    -0.0637      0.889
UGRD 1000 HDGF ME 00      0.094      0.413      0.136      0.557     0.0316      0.248
UGRD 1000 HDGF ME 24      0.191      0.606      0.121      0.598     0.0894      0.468
UGRD 1000 HDGF ME 48      0.182      0.707     0.0679      0.639      0.105      0.642
UGRD 1000 HDGF ME 72      0.178       0.81     0.0777      0.733      0.105      0.783
UGRD 1000 HDGF ME 96      0.212      0.856      0.148      0.743      0.134      0.849
UGRD 1000 HDGF ME 120      0.216      0.918       0.18      0.788      0.155      0.932
HGT 250 HDRF RMSE 00       3.64      0.956       3.71       1.15       3.91      0.963
HGT 250 HDRF RMSE 24        9.9       2.78       9.13        2.8         11       3.08
HGT 250 HDRF RMSE 48       13.9       6.79       13.1       6.49         16       7.62
HGT 250 HDRF RMSE 72       19.4       13.2       19.1       11.9       22.4       13.8
HGT 250 HDRF RMSE 96       25.6       19.6       26.2       17.9       29.4       21.2
HGT 250 HDRF RMSE 120       33.3       27.5       33.8       24.8       38.5       30.7
HGT 500 HDRF RMSE 00       2.74       1.03       2.71       1.15        3.1       1.14
HGT 500 HDRF RMSE 24       6.62       2.33       6.78       2.75       7.49       2.19
HGT 500 HDRF RMSE 48       9.92       5.04       10.1        5.2       11.3       5.16
HGT 500 HDRF RMSE 72       13.8       8.81       13.8       8.13       15.3       8.81
HGT 500 HDRF RMSE 96         18       12.6       18.6       12.1       20.4       13.9
HGT 500 HDRF RMSE 120       23.2       18.2       23.8       16.7       26.9       20.8
HGT 700 HDRF RMSE 00       1.81       1.29       1.76       1.27       2.21        1.5
HGT 700 HDRF RMSE 24       5.95       2.27       6.15       2.56       7.25       1.83
HGT 700 HDRF RMSE 48       9.14       4.15       8.98       4.16       10.9       3.85
HGT 700 HDRF RMSE 72       12.9       6.29       12.3       5.85       14.8       6.16
HGT 700 HDRF RMSE 96       16.5        8.8       16.2       8.65       19.4       9.51
HGT 700 HDRF RMSE 120       20.9       12.9       20.2       11.6       25.3       14.8
HGT 850 HDRF RMSE 00       1.37       3.09       1.29       1.69        1.6       1.81
HGT 850 HDRF RMSE 24       6.43       2.99       6.68       2.79       7.58        1.9
HGT 850 HDRF RMSE 48       9.05       4.66       8.94       3.98         11       4.04
HGT 850 HDRF RMSE 72       12.3        6.7       11.9        5.5       14.9       6.47
HGT 850 HDRF RMSE 96       15.6        9.2       15.4        8.3       19.3       9.79
HGT 850 HDRF RMSE 120       19.7       12.8       19.1       10.9       24.9       14.5
HGT 1000 HDRF RMSE 00       3.51       8.98        4.7       10.1       2.32        4.3
HGT 1000 HDRF RMSE 24       8.96       7.15       9.66        7.6       9.48       4.04
HGT 1000 HDRF RMSE 48       11.5       8.21       11.9       8.28       12.9       5.77
HGT 1000 HDRF RMSE 72       14.6       9.89       14.8       9.24       16.7       8.22
HGT 1000 HDRF RMSE 96       17.9       12.1       18.2       11.5       21.1       11.6
HGT 1000 HDRF RMSE 120       21.9       15.3       21.6       13.7       26.7       16.4
RH 250 HDRF RMSE 00       19.4       5.65       19.5       5.16       21.7       3.31
RH 250 HDRF RMSE 24       22.8       6.78       23.3       6.35       25.6       4.21
RH 250 HDRF RMSE 48       24.6       6.44       25.2       5.83       27.5       3.92
RH 250 HDRF RMSE 72       25.9       6.49       26.3        5.4         29       4.11
RH 250 HDRF RMSE 96         27       6.51       27.4       5.24       30.3       4.39
RH 250 HDRF RMSE 120       28.1       6.94       28.5       5.32       31.6        4.6
RH 500 HDRF RMSE 00        3.4       2.78       3.78       3.09       4.08       2.74
RH 500 HDRF RMSE 24       13.2       5.48       13.4       5.26       15.4       3.07
RH 500 HDRF RMSE 48       16.9       6.58       17.2       6.23       19.7       3.74
RH 500 HDRF RMSE 72       19.4       7.45         20       6.88       22.6       4.36
RH 500 HDRF RMSE 96       21.6       8.24         22       7.48       25.1       5.32
RH 500 HDRF RMSE 120       23.1       9.05       23.4       8.02       27.3       6.11
RH 700 HDRF RMSE 00       2.05       1.26       2.06       1.24       2.59       1.17
RH 700 HDRF RMSE 24       11.9       4.07       12.3       3.49       13.2       3.36
RH 700 HDRF RMSE 48       15.7       5.17       16.2       4.51       17.5       4.41
RH 700 HDRF RMSE 72       18.4       6.09         19        5.1       20.5       5.26
RH 700 HDRF RMSE 96       20.6       6.87       21.2       5.75       23.2       6.23
RH 700 HDRF RMSE 120       22.4       7.76       23.2        6.5       25.2       7.26
RH 850 HDRF RMSE 00       2.01       1.08       1.94      0.971       2.19      0.989
RH 850 HDRF RMSE 24         14       4.94       15.5       5.45       12.9       2.92
RH 850 HDRF RMSE 48         18       5.85       19.6       6.23       16.7       3.65
RH 850 HDRF RMSE 72       20.3       6.18       21.8       6.45       18.7       4.35
RH 850 HDRF RMSE 96       21.6       6.36       23.4       6.42       20.2       5.15
RH 850 HDRF RMSE 120       22.8       6.68       24.6       6.57       21.7       6.07
RH 1000 HDRF RMSE 00       1.56       1.27       1.63       1.29       1.82       1.25
RH 1000 HDRF RMSE 24       10.5       8.23       11.2       8.91       10.4       7.25
RH 1000 HDRF RMSE 48       11.6       8.92       12.6         10       11.5       7.71
RH 1000 HDRF RMSE 72         12       9.23       13.1       10.5       11.8       7.72
RH 1000 HDRF RMSE 96       12.4       9.47       13.4       10.7       12.1       7.72
RH 1000 HDRF RMSE 120       12.6        9.4       13.6       10.7       12.4       7.69
TMP 250 HDRF RMSE 00      0.112     0.0517      0.122     0.0585      0.126     0.0545
TMP 250 HDRF RMSE 24      0.707      0.253      0.729      0.206      0.761      0.254
TMP 250 HDRF RMSE 48      0.917      0.377      0.939      0.338      0.975      0.421
TMP 250 HDRF RMSE 72       1.08       0.53       1.12       0.47       1.15      0.593
TMP 250 HDRF RMSE 96       1.24      0.677       1.28      0.614       1.32      0.756
TMP 250 HDRF RMSE 120        1.4      0.791       1.44      0.716       1.51      0.914
TMP 500 HDRF RMSE 00     0.0872     0.0475     0.0886     0.0454      0.103     0.0561
TMP 500 HDRF RMSE 24      0.598      0.151      0.595      0.138      0.626      0.152
TMP 500 HDRF RMSE 48      0.804      0.255      0.804      0.214      0.848      0.268
TMP 500 HDRF RMSE 72       1.03       0.41       1.02      0.347       1.07      0.414
TMP 500 HDRF RMSE 96       1.25       0.56       1.22      0.524        1.3      0.588
TMP 500 HDRF RMSE 120       1.47      0.724       1.44      0.681       1.55      0.804
TMP 700 HDRF RMSE 00      0.109     0.0774      0.105     0.0628      0.125     0.0747
TMP 700 HDRF RMSE 24      0.648      0.287      0.706      0.357      0.651      0.228
TMP 700 HDRF RMSE 48      0.894      0.394      0.978      0.494      0.889      0.344
TMP 700 HDRF RMSE 72       1.11      0.474       1.18      0.558       1.09      0.444
TMP 700 HDRF RMSE 96        1.3      0.592       1.39       0.66        1.3      0.611
TMP 700 HDRF RMSE 120        1.5      0.745       1.61      0.816       1.51      0.807
TMP 850 HDRF RMSE 00      0.153      0.141      0.177      0.178      0.149      0.101
TMP 850 HDRF RMSE 24       1.16      0.624       1.31      0.742      0.989      0.488
TMP 850 HDRF RMSE 48       1.52      0.831       1.68      0.949       1.35      0.701
TMP 850 HDRF RMSE 72       1.76      0.958       1.89       1.07       1.56      0.822
TMP 850 HDRF RMSE 96       1.96       1.05       2.08       1.16       1.77      0.943
TMP 850 HDRF RMSE 120       2.16       1.16       2.27       1.27          2       1.11
TMP 1000 HDRF RMSE 00      0.268      0.322      0.281      0.348      0.295       0.29
TMP 1000 HDRF RMSE 24       1.21       1.06       1.23       1.05        1.2      0.903
TMP 1000 HDRF RMSE 48       1.45        1.2       1.49       1.23       1.46       1.07
TMP 1000 HDRF RMSE 72        1.6       1.31       1.65       1.39       1.63       1.17
TMP 1000 HDRF RMSE 96       1.73       1.41       1.77        1.5       1.78       1.26
TMP 1000 HDRF RMSE 120       1.83       1.46       1.88       1.58       1.92       1.33
VGRD 250 HDRF RMSE 00       2.65       3.36       3.94       3.17       1.88       1.87
VGRD 250 HDRF RMSE 24        4.6       2.66       5.41       2.58       4.17       1.51
VGRD 250 HDRF RMSE 48       5.55       2.55       6.07       2.47       5.35       1.65
VGRD 250 HDRF RMSE 72       6.56       2.78       6.93       2.83       6.49       2.08
VGRD 250 HDRF RMSE 96       7.59       3.25        7.8       3.22       7.75       2.77
VGRD 250 HDRF RMSE 120       8.65       3.95       8.58       3.62       9.04       3.66
VGRD 500 HDRF RMSE 00       1.48       1.79       2.33        1.9       1.25        1.1
VGRD 500 HDRF RMSE 24       2.65       1.54       3.22       1.67       2.54       1.03
VGRD 500 HDRF RMSE 48       3.24       1.54       3.63        1.6       3.16       1.18
VGRD 500 HDRF RMSE 72       3.83       1.77       4.13       1.75       3.75       1.47
VGRD 500 HDRF RMSE 96       4.37       2.05       4.69          2       4.41        1.9
VGRD 500 HDRF RMSE 120       4.95        2.4       5.16        2.2       5.18       2.49
VGRD 700 HDRF RMSE 00       1.06       1.09       1.64       1.19       0.99      0.737
VGRD 700 HDRF RMSE 24       2.15      0.986       2.51       1.14       2.17      0.736
VGRD 700 HDRF RMSE 48       2.67      0.983       2.93       1.12       2.76      0.828
VGRD 700 HDRF RMSE 72       3.13       1.13       3.35        1.2       3.26       1.04
VGRD 700 HDRF RMSE 96       3.58       1.37       3.78       1.44       3.83       1.34
VGRD 700 HDRF RMSE 120       4.06       1.63       4.14       1.58       4.51        1.8
VGRD 850 HDRF RMSE 00      0.953      0.896       1.39      0.955      0.821      0.543
VGRD 850 HDRF RMSE 24       2.08      0.797       2.35      0.918       2.07      0.644
VGRD 850 HDRF RMSE 48       2.56      0.918       2.72       1.03       2.68      0.832
VGRD 850 HDRF RMSE 72       2.97       1.15       3.13       1.22       3.17       1.13
VGRD 850 HDRF RMSE 96        3.4       1.41       3.55        1.5       3.77       1.46
VGRD 850 HDRF RMSE 120       3.84        1.7        3.9       1.71       4.43       1.88
VGRD 1000 HDRF RMSE 00      0.797      0.765       1.11      0.739      0.594      0.326
VGRD 1000 HDRF RMSE 24       1.78      0.694       1.92      0.735       1.73      0.514
VGRD 1000 HDRF RMSE 48       2.22      0.847       2.31      0.859       2.29      0.756
VGRD 1000 HDRF RMSE 72       2.58       1.06       2.64       1.04       2.73       1.04
VGRD 1000 HDRF RMSE 96       2.92       1.31       2.95       1.24       3.21       1.35
VGRD 1000 HDRF RMSE 120       3.28       1.58       3.22        1.4       3.72       1.74
UGRD 250 HDRF RMSE 00       1.94       2.25       2.93        2.5       1.51       1.39
UGRD 250 HDRF RMSE 24       3.93       1.63        4.5       1.83        3.8       1.08
UGRD 250 HDRF RMSE 48       5.01       1.61       5.31       1.75       5.02        1.3
UGRD 250 HDRF RMSE 72       5.93       1.89       6.16       2.01       6.17       1.74
UGRD 250 HDRF RMSE 96       6.86       2.27        7.1       2.33        7.3       2.32
UGRD 250 HDRF RMSE 120       7.96       2.88       8.09       2.77       8.53       3.04
UGRD 500 HDRF RMSE 00       1.13       1.33       1.71       1.48      0.881      0.756
UGRD 500 HDRF RMSE 24       2.38       1.13       2.76        1.3       2.27      0.754
UGRD 500 HDRF RMSE 48       3.07        1.1       3.37       1.21       2.98      0.925
UGRD 500 HDRF RMSE 72       3.66       1.28       3.96        1.3       3.61       1.23
UGRD 500 HDRF RMSE 96       4.18        1.5       4.45       1.54       4.28       1.63
UGRD 500 HDRF RMSE 120       4.77       1.89       4.95       1.87       5.02       2.15
UGRD 700 HDRF RMSE 00      0.867      0.927       1.26       1.03      0.745       0.53
UGRD 700 HDRF RMSE 24       2.02      0.868       2.21          1       1.99      0.576
UGRD 700 HDRF RMSE 48        2.6      0.907       2.74       1.01        2.6      0.708
UGRD 700 HDRF RMSE 72        3.1       1.02       3.22       1.05       3.17      0.901
UGRD 700 HDRF RMSE 96       3.59       1.15       3.65       1.14        3.8       1.17
UGRD 700 HDRF RMSE 120       4.15       1.39        4.1       1.31       4.51       1.52
UGRD 850 HDRF RMSE 00       0.85      0.835       1.23      0.872      0.732      0.508
UGRD 850 HDRF RMSE 24          2      0.781       2.16      0.916       2.03      0.581
UGRD 850 HDRF RMSE 48       2.54      0.889       2.63          1       2.69      0.751
UGRD 850 HDRF RMSE 72          3       1.05       3.02       1.11       3.24      0.951
UGRD 850 HDRF RMSE 96       3.44       1.23       3.41       1.23       3.84       1.25
UGRD 850 HDRF RMSE 120       3.94       1.48        3.8       1.35       4.51       1.65
UGRD 1000 HDRF RMSE 00       0.77      0.707       1.09      0.695      0.639       0.44
UGRD 1000 HDRF RMSE 24       1.69      0.654        1.8      0.697       1.69      0.471
UGRD 1000 HDRF RMSE 48       2.09      0.792       2.14      0.831       2.22      0.693
UGRD 1000 HDRF RMSE 72       2.43      0.989       2.44      0.967       2.67      0.943
UGRD 1000 HDRF RMSE 96       2.75       1.19        2.7       1.07        3.1       1.22
UGRD 1000 HDRF RMSE 120       3.07       1.43       2.96       1.18       3.54       1.54
HGT 250 HDRF ME 00      -3.32      0.865      -3.36      0.757      -3.42      0.917
HGT 250 HDRF ME 24      -4.86       2.98      -3.86       2.72      -5.06       3.06
HGT 250 HDRF ME 48      -2.98       3.63      -1.96       3.08      -3.05       3.81
HGT 250 HDRF ME 72      -1.62       5.07       -1.3       3.91      -1.75       4.85
HGT 250 HDRF ME 96     -0.748       6.55      -1.66       5.04     -0.643       4.99
HGT 250 HDRF ME 120     -0.723       8.36       -3.5       9.24     0.0899       6.56
HGT 500 HDRF ME 00       -2.4      0.943      -2.36      0.816      -2.56       1.02
HGT 500 HDRF ME 24      -1.96       2.47      -1.95       3.16      -1.25       2.33
HGT 500 HDRF ME 48      -2.75        3.6      -3.13       4.68      -1.93        2.8
HGT 500 HDRF ME 72      -3.61       4.68      -4.41       5.37      -2.28       3.48
HGT 500 HDRF ME 96      -4.35       5.75      -5.67       6.48      -2.81       4.45
HGT 500 HDRF ME 120      -5.41       6.77      -7.67       8.03       -3.6       5.83
HGT 700 HDRF ME 00      -1.34      0.999      -1.28      0.829      -1.46       1.07
HGT 700 HDRF ME 24     -0.719        2.2     -0.943       2.56     -0.524       2.39
HGT 700 HDRF ME 48      -3.07       2.96      -3.22       3.45      -2.87       2.77
HGT 700 HDRF ME 72      -4.91       4.04      -5.09       3.99      -4.19       3.88
HGT 700 HDRF ME 96      -6.05       5.19      -6.47        5.1      -5.23       5.21
HGT 700 HDRF ME 120      -7.27       6.05       -8.2       6.05       -6.4       6.53
HGT 850 HDRF ME 00     -0.836       2.83     -0.724       1.13     -0.746       1.13
HGT 850 HDRF ME 24      0.793       2.97       1.05       2.23      0.451       2.63
HGT 850 HDRF ME 48      -1.36       3.37     -0.904       2.55      -2.03        2.8
HGT 850 HDRF ME 72      -2.99        4.3      -2.69       2.76      -3.41        3.9
HGT 850 HDRF ME 96      -3.91       5.19      -3.89       3.67      -4.44       5.35
HGT 850 HDRF ME 120      -4.93       6.29      -5.35       5.01      -5.62       6.79
HGT 1000 HDRF ME 00      -1.96       7.89      -3.09       8.53     -0.618       3.79
HGT 1000 HDRF ME 24       1.84       7.19       0.74       6.99       2.87       5.17
HGT 1000 HDRF ME 48      0.531       7.55      -0.38       6.73       1.36       5.92
HGT 1000 HDRF ME 72     -0.619       8.38      -1.76        6.7      0.387       6.77
HGT 1000 HDRF ME 96      -1.31       9.05      -2.82        7.3     -0.571       7.76
HGT 1000 HDRF ME 120      -2.28       9.74      -4.32       7.87       -1.7       8.91
RH 250 HDRF ME 00      -17.2       5.68        -17       5.34      -19.6       3.38
RH 250 HDRF ME 24      -14.8       7.08        -15          7      -17.1       5.18
RH 250 HDRF ME 48        -14       7.15      -14.5       6.85      -16.7       5.27
RH 250 HDRF ME 72      -13.4       7.56      -13.8       6.66      -16.2       6.07
RH 250 HDRF ME 96      -12.7       8.07      -12.8          7      -15.9       6.84
RH 250 HDRF ME 120      -12.3       8.85      -11.7       7.85      -15.7       7.14
RH 500 HDRF ME 00      -1.88       2.44      -2.06        2.8      -2.18       2.53
RH 500 HDRF ME 24       0.49       4.31     0.0942       3.87      0.672       4.32
RH 500 HDRF ME 48      0.804       5.53      0.798       4.86       1.08       4.96
RH 500 HDRF ME 72       1.13       5.99       1.57        5.4        1.3       5.14
RH 500 HDRF ME 96       1.04       6.18       1.76       5.43      0.982       5.44
RH 500 HDRF ME 120      0.717       6.18       1.93       4.72       1.06       5.65
RH 700 HDRF ME 00     -0.239      0.772     -0.287      0.786     -0.215      0.873
RH 700 HDRF ME 24     -0.451       3.78     0.0139       3.63      -1.26       3.33
RH 700 HDRF ME 48      -1.02       5.17      0.152       5.11      -2.14       4.42
RH 700 HDRF ME 72      -1.27       6.07      0.161       5.92      -2.52       5.37
RH 700 HDRF ME 96      -1.17       6.66      0.433       6.35      -2.73       5.95
RH 700 HDRF ME 120      -1.07       7.16      0.882       6.73      -2.59       6.37
RH 850 HDRF ME 00     0.0215      0.691    -0.0203      0.581      0.137      0.621
RH 850 HDRF ME 24       1.23       7.16       2.64       9.01       1.21       4.05
RH 850 HDRF ME 48       1.78       9.49       3.54       11.3       2.26       5.43
RH 850 HDRF ME 72       2.06       10.5       3.98       12.1        2.6       6.05
RH 850 HDRF ME 96       2.43       10.7       4.34       12.3       2.82       5.97
RH 850 HDRF ME 120       2.59       10.7       4.69       12.3       2.83       5.82
RH 1000 HDRF ME 00      0.294      0.871      0.244      0.882      0.229      0.974
RH 1000 HDRF ME 24       7.63       7.76       8.09       8.43       7.38       6.18
RH 1000 HDRF ME 48       8.21        8.6       8.77       9.71          8       6.65
RH 1000 HDRF ME 72        8.3       8.95       8.91       10.2       7.98       6.73
RH 1000 HDRF ME 96       8.39       9.26          9       10.5          8       6.77
RH 1000 HDRF ME 120       8.26       9.18       8.99       10.4       7.96       6.68
TMP 250 HDRF ME 00    -0.0189     0.0318    -0.0288     0.0382    -0.0178     0.0269
TMP 250 HDRF ME 24     -0.103      0.264    -0.0408      0.311     -0.213       0.18
TMP 250 HDRF ME 48    -0.0216      0.315     0.0851      0.362      -0.15      0.213
TMP 250 HDRF ME 72     0.0644      0.338      0.178      0.368    -0.0967      0.232
TMP 250 HDRF ME 96      0.148      0.386      0.243      0.438    -0.0371      0.263
TMP 250 HDRF ME 120      0.229      0.432      0.295       0.45     0.0254      0.324
TMP 500 HDRF ME 00    -0.0124     0.0177    -0.0164     0.0144    -0.0107     0.0152
TMP 500 HDRF ME 24    -0.0892      0.153     -0.042      0.124    -0.0718      0.143
TMP 500 HDRF ME 48     0.0721      0.219     0.0772      0.187     0.0837      0.209
TMP 500 HDRF ME 72      0.183      0.296      0.117      0.232      0.166      0.256
TMP 500 HDRF ME 96      0.253      0.349      0.133      0.274      0.236      0.275
TMP 500 HDRF ME 120      0.291      0.388      0.117      0.334      0.298      0.298
TMP 700 HDRF ME 00    -0.0117      0.037    -0.0144     0.0286    -0.0111     0.0261
TMP 700 HDRF ME 24      -0.06      0.294    -0.0903      0.365     0.0478      0.198
TMP 700 HDRF ME 48     0.0211      0.446    -0.0507      0.577      0.177      0.296
TMP 700 HDRF ME 72      0.065      0.555    -0.0118      0.676       0.26      0.346
TMP 700 HDRF ME 96     0.0645       0.62    -0.0246      0.744      0.282      0.366
TMP 700 HDRF ME 120     0.0483      0.669      -0.06       0.79      0.296      0.412
TMP 850 HDRF ME 00   -0.00958     0.0674    -0.0047     0.0643    -0.0157     0.0486
TMP 850 HDRF ME 24     -0.336      0.697     -0.405      0.784     -0.286      0.546
TMP 850 HDRF ME 48      -0.48      0.989     -0.551       1.06     -0.439      0.803
TMP 850 HDRF ME 72      -0.59       1.13     -0.629       1.17     -0.507      0.903
TMP 850 HDRF ME 96     -0.675       1.19      -0.68       1.21     -0.536      0.932
TMP 850 HDRF ME 120     -0.706       1.22     -0.709       1.25     -0.539      0.948
TMP 1000 HDRF ME 00     0.0513      0.174     0.0605      0.172     0.0566      0.166
TMP 1000 HDRF ME 24     -0.498      0.831     -0.489      0.746     -0.336      0.549
TMP 1000 HDRF ME 48     -0.646      0.975     -0.616      0.947     -0.512      0.709
TMP 1000 HDRF ME 72     -0.721        1.1     -0.659       1.09     -0.589      0.815
TMP 1000 HDRF ME 96     -0.756       1.19     -0.666       1.18     -0.615      0.892
TMP 1000 HDRF ME 120     -0.739       1.22     -0.643       1.23     -0.612      0.917
VGRD 250 HDRF ME 00      0.234       2.88        1.9       2.26      0.683       1.11
VGRD 250 HDRF ME 24      0.746       2.84       2.31       2.21       0.91       1.29
VGRD 250 HDRF ME 48      0.566       2.81       2.24       2.03      0.547       1.35
VGRD 250 HDRF ME 72      0.329       2.92       2.07       2.31      0.367       1.29
VGRD 250 HDRF ME 96      0.207        3.1       1.95       2.63      0.284       1.47
VGRD 250 HDRF ME 120      0.134       3.38        1.9       2.84      0.244       1.85
VGRD 500 HDRF ME 00      0.347       1.43       1.19       1.33       0.49      0.662
VGRD 500 HDRF ME 24      0.253       1.52       1.11       1.43       0.32      0.908
VGRD 500 HDRF ME 48      0.257       1.53      0.985        1.4      0.424      0.942
VGRD 500 HDRF ME 72       0.44       1.61       1.18       1.37      0.492      0.994
VGRD 500 HDRF ME 96      0.486       1.73       1.37       1.49      0.518      0.975
VGRD 500 HDRF ME 120      0.432       1.74       1.34       1.49      0.521       1.01
VGRD 700 HDRF ME 00      0.304      0.804      0.735      0.877      0.343      0.452
VGRD 700 HDRF ME 24      0.154      0.989        0.6       1.06      0.202      0.765
VGRD 700 HDRF ME 48      0.396          1      0.717       1.01      0.359      0.831
VGRD 700 HDRF ME 72       0.43       1.08      0.776       1.09      0.303      0.872
VGRD 700 HDRF ME 96      0.387       1.17      0.785       1.21      0.321       0.84
VGRD 700 HDRF ME 120       0.33       1.17      0.699       1.18      0.338      0.929
VGRD 850 HDRF ME 00       0.29      0.628      0.492       0.79      0.193      0.291
VGRD 850 HDRF ME 24     0.0457      0.859      0.185       1.01      0.167      0.593
VGRD 850 HDRF ME 48      0.294      0.887       0.35       0.97      0.331      0.609
VGRD 850 HDRF ME 72      0.312      0.932      0.371       1.07      0.256      0.616
VGRD 850 HDRF ME 96      0.272          1      0.328       1.17       0.34      0.662
VGRD 850 HDRF ME 120        0.2        1.1       0.22       1.19      0.412      0.744
VGRD 1000 HDRF ME 00      0.211       0.58      0.281      0.652     0.0412      0.181
VGRD 1000 HDRF ME 24      0.139      0.736      0.204      0.812      0.094      0.481
VGRD 1000 HDRF ME 48      0.259      0.861      0.278      0.898      0.175      0.635
VGRD 1000 HDRF ME 72       0.27      0.948      0.263       0.98      0.131      0.743
VGRD 1000 HDRF ME 96      0.272          1      0.264       1.03      0.199      0.822
VGRD 1000 HDRF ME 120      0.235       1.09      0.216       1.04      0.222      0.899
UGRD 250 HDRF ME 00     -0.359      0.949     -0.545       1.05     -0.112      0.327
UGRD 250 HDRF ME 24     -0.609       1.18     -0.677       1.31     -0.258       0.63
UGRD 250 HDRF ME 48     -0.462       1.47     -0.379       1.45    -0.0889      0.915
UGRD 250 HDRF ME 72     -0.463       1.64     -0.597       1.55     -0.114       1.19
UGRD 250 HDRF ME 96     -0.496       1.82     -0.867       1.66    -0.0996       1.36
UGRD 250 HDRF ME 120     -0.629       2.09     -0.952       1.58     -0.196       1.62
UGRD 500 HDRF ME 00     -0.168      0.716     -0.251      0.827    -0.0257      0.202
UGRD 500 HDRF ME 24    -0.0857      0.881      -0.26      0.991     0.0468      0.392
UGRD 500 HDRF ME 48    0.00901       1.05     -0.263       1.12     0.0161      0.622
UGRD 500 HDRF ME 72      0.119       1.29      -0.26       1.36     0.0607      0.763
UGRD 500 HDRF ME 96      0.164       1.32     -0.198       1.35     0.0337      0.866
UGRD 500 HDRF ME 120      0.204        1.4    -0.0456       1.28    -0.0123      0.981
UGRD 700 HDRF ME 00    -0.0894      0.534      -0.14      0.624    -0.0015      0.153
UGRD 700 HDRF ME 24    -0.0612      0.722     -0.109      0.726    -0.0262      0.422
UGRD 700 HDRF ME 48     -0.114      0.848      -0.17      0.791     -0.134       0.53
UGRD 700 HDRF ME 72     -0.158       0.97     -0.135      0.954     -0.151      0.632
UGRD 700 HDRF ME 96     -0.128       1.11     -0.012      0.983     -0.122      0.781
UGRD 700 HDRF ME 120    -0.0707        1.3       0.13       1.01     -0.105       0.93
UGRD 850 HDRF ME 00   -0.00279      0.475     0.0322        0.6   -0.00367      0.148
UGRD 850 HDRF ME 24      0.107      0.718      0.122      0.685     -0.051        0.6
UGRD 850 HDRF ME 48     -0.041      0.873     0.0566      0.711     -0.162       0.81
UGRD 850 HDRF ME 72     -0.134       1.03      0.141      0.837     -0.273       0.88
UGRD 850 HDRF ME 96     -0.114       1.14      0.274      0.897     -0.241      0.956
UGRD 850 HDRF ME 120    -0.0942       1.34      0.367       1.02     -0.205       1.08
UGRD 1000 HDRF ME 00     0.0968      0.421      0.137      0.563     0.0365      0.263
UGRD 1000 HDRF ME 24      0.177      0.616      0.113      0.603      0.057      0.478
UGRD 1000 HDRF ME 48      0.125      0.714     0.0894      0.633     0.0482      0.655
UGRD 1000 HDRF ME 72      0.099      0.813      0.129      0.741      0.019      0.775
UGRD 1000 HDRF ME 96      0.123      0.876      0.228      0.755     0.0196      0.855
UGRD 1000 HDRF ME 120       0.12      0.954      0.285      0.825     0.0302      0.944
